   Chr                              Community_num
    22     16050000     16060000                1
    22     16070000     16080000                1
    22     16080000     16090000                1
    22     16100000     16110000                1
    22     16110000     16120000                1
    22     16130000     16140000                1
    22     16140000     16150000                1
    22     16160000     16170000                1
    22     16170000     16180000                1
    22     16190000     16200000                1
    22     16200000     16210000                1
    22     16210000     16220000                1
    22     16220000     16230000                1
    22     16240000     16250000                1
    22     16250000     16260000                1
    22     16270000     16280000                1
    22     16300000     16310000                1
    22     16310000     16320000                1
    22     16320000     16330000                1
    22     16340000     16350000                1
    22     16350000     16360000                1
    22     16360000     16370000                1
    22     16380000     16390000                1
    22     16400000     16410000                1
    22     16410000     16420000                1
    22     16440000     16450000                1
    22     16450000     16460000                1
    22     16460000     16470000                1
    22     16470000     16480000                1
    22     16480000     16490000                1
    22     16500000     16510000                1
    22     16550000     16560000                1
    22     16620000     16630000                1
    22     16630000     16640000                1
    22     16640000     16650000                1
    22     20380000     20390000                1
    22     20390000     20400000                1
    22     20460000     20470000                1
    22     21440000     21450000                1
    22     21450000     21460000                1
    22     21490000     21500000                1
    22     21510000     21520000                1
    22     21540000     21550000                1
    22     21580000     21590000                1
    22     21720000     21730000                1
    22     21730000     21740000                1
    22     21780000     21790000                1
    22     21800000     21810000                1
    22     21810000     21820000                1
    22     21830000     21840000                1
    22     21860000     21870000                1
    22     21910000     21920000                1
    22     21930000     21940000                1
    22     21940000     21950000                1
    22     21950000     21960000                1
    22     21960000     21970000                1
    22     21970000     21980000                1
    22     21980000     21990000                1
    22     21990000     22000000                1
    22     22000000     22010000                1
    22     22030000     22040000                1
    22     22040000     22050000                1
    22     22050000     22060000                1
    22     22060000     22070000                1
    22     22070000     22080000                1
    22     22080000     22090000                1
    22     22110000     22120000                1
    22     22120000     22130000                1
    22     22130000     22140000                1
    22     22140000     22150000                1
    22     22150000     22160000                1
    22     22160000     22170000                1
    22     22170000     22180000                1
    22     22200000     22210000                1
    22     22210000     22220000                1
    22     22250000     22260000                1
    22     22280000     22290000                1
    22     22290000     22300000                1
    22     22300000     22310000                1
    22     22320000     22330000                1
    22     22340000     22350000                1
    22     22350000     22360000                1
    22     22360000     22370000                1
    22     22370000     22380000                1
    22     22380000     22390000                1
    22     22390000     22400000                1
    22     22400000     22410000                1
    22     22410000     22420000                1
    22     22430000     22440000                1
    22     22440000     22450000                1
    22     22450000     22460000                1
    22     22460000     22470000                1
    22     22470000     22480000                1
    22     22480000     22490000                1
    22     22490000     22500000                1
    22     22500000     22510000                1
    22     22510000     22520000                1
    22     22520000     22530000                1
    22     22530000     22540000                1
    22     22540000     22550000                1
    22     22550000     22560000                1
    22     22560000     22570000                1
    22     22580000     22590000                1
    22     22590000     22600000                1
    22     22600000     22610000                1
    22     22610000     22620000                1
    22     22620000     22630000                1
    22     22630000     22640000                1
    22     22640000     22650000                1
    22     22650000     22660000                1
    22     22660000     22670000                1
    22     22670000     22680000                1
    22     22680000     22690000                1
    22     22690000     22700000                1
    22     22700000     22710000                1
    22     22710000     22720000                1
    22     22720000     22730000                1
    22     22730000     22740000                1
    22     22740000     22750000                1
    22     22750000     22760000                1
    22     22770000     22780000                1
    22     22780000     22790000                1
    22     22800000     22810000                1
    22     22810000     22820000                1
    22     22820000     22830000                1
    22     22830000     22840000                1
    22     22840000     22850000                1
    22     22850000     22860000                1
    22     22860000     22870000                1
    22     22870000     22880000                1
    22     22890000     22900000                1
    22     22900000     22910000                1
    22     22910000     22920000                1
    22     22920000     22930000                1
    22     22930000     22940000                1
    22     22940000     22950000                1
    22     22960000     22970000                1
    22     22990000     23000000                1
    22     23000000     23010000                1
    22     23010000     23020000                1
    22     23020000     23030000                1
    22     23030000     23040000                1
    22     23040000     23050000                1
    22     23050000     23060000                1
    22     23060000     23070000                1
    22     23070000     23080000                1
    22     23080000     23090000                1
    22     23090000     23100000                1
    22     23100000     23110000                1
    22     23110000     23120000                1
    22     23120000     23130000                1
    22     23130000     23140000                1
    22     23140000     23150000                1
    22     23150000     23160000                1
    22     23160000     23170000                1
    22     23170000     23180000                1
    22     23180000     23190000                1
    22     23190000     23200000                1
    22     23200000     23210000                1
    22     23210000     23220000                1
    22     23220000     23230000                1
    22     23230000     23240000                1
    22     23240000     23250000                1
    22     23250000     23260000                1
    22     23270000     23280000                1
    22     23280000     23290000                1
    22     23300000     23310000                1
    22     23310000     23320000                1
    22     23320000     23330000                1
    22     23330000     23340000                1
    22     23340000     23350000                1
    22     23350000     23360000                1
    22     23360000     23370000                1
    22     23380000     23390000                1
    22     23390000     23400000                1
    22     23410000     23420000                1
    22     23420000     23430000                1
    22     23430000     23440000                1
    22     23440000     23450000                1
    22     23450000     23460000                1
    22     23460000     23470000                1
    22     23470000     23480000                1
    22     23480000     23490000                1
    22     23490000     23500000                1
    22     23500000     23510000                1
    22     23510000     23520000                1
    22     23520000     23530000                1
    22     23530000     23540000                1
    22     23540000     23550000                1
    22     23550000     23560000                1
    22     23560000     23570000                1
    22     23570000     23580000                1
    22     23580000     23590000                1
    22     23590000     23600000                1
    22     23600000     23610000                1
    22     23610000     23620000                1
    22     23620000     23630000                1
    22     23630000     23640000                1
    22     23640000     23650000                1
    22     23650000     23660000                1
    22     23660000     23670000                1
    22     23670000     23680000                1
    22     23680000     23690000                1
    22     23690000     23700000                1
    22     23700000     23710000                1
    22     23710000     23720000                1
    22     23720000     23730000                1
    22     23730000     23740000                1
    22     23740000     23750000                1
    22     23750000     23760000                1
    22     23760000     23770000                1
    22     23770000     23780000                1
    22     23780000     23790000                1
    22     23790000     23800000                1
    22     23800000     23810000                1
    22     23820000     23830000                1
    22     23830000     23840000                1
    22     23850000     23860000                1
    22     23860000     23870000                1
    22     23870000     23880000                1
    22     23880000     23890000                1
    22     23890000     23900000                1
    22     23900000     23910000                1
    22     23910000     23920000                1
    22     23920000     23930000                1
    22     23930000     23940000                1
    22     23940000     23950000                1
    22     23950000     23960000                1
    22     23970000     23980000                1
    22     23990000     24000000                1
    22     24000000     24010000                1
    22     24010000     24020000                1
    22     24020000     24030000                1
    22     24030000     24040000                1
    22     24040000     24050000                1
    22     24050000     24060000                1
    22     24060000     24070000                1
    22     24070000     24080000                1
    22     24080000     24090000                1
    22     24090000     24100000                1
    22     24100000     24110000                1
    22     24110000     24120000                1
    22     24120000     24130000                1
    22     24130000     24140000                1
    22     24140000     24150000                1
    22     24150000     24160000                1
    22     24160000     24170000                1
    22     24170000     24180000                1
    22     24190000     24200000                1
    22     24210000     24220000                1
    22     24220000     24230000                1
    22     24250000     24260000                1
    22     24310000     24320000                1
    22     24330000     24340000                1
    22     24340000     24350000                1
    22     24350000     24360000                1
    22     24370000     24380000                1
    22     24380000     24390000                1
    22     24390000     24400000                1
    22     24400000     24410000                1
    22     24410000     24420000                1
    22     24420000     24430000                1
    22     24430000     24440000                1
    22     24440000     24450000                1
    22     24450000     24460000                1
    22     24460000     24470000                1
    22     24470000     24480000                1
    22     24480000     24490000                1
    22     24490000     24500000                1
    22     24520000     24530000                1
    22     24530000     24540000                1
    22     24540000     24550000                1
    22     24550000     24560000                1
    22     24560000     24570000                1
    22     24590000     24600000                1
    22     24600000     24610000                1
    22     24610000     24620000                1
    22     24620000     24630000                1
    22     24630000     24640000                1
    22     24640000     24650000                1
    22     24660000     24670000                1
    22     24670000     24680000                1
    22     24680000     24690000                1
    22     24700000     24710000                1
    22     24710000     24720000                1
    22     24720000     24730000                1
    22     24730000     24740000                1
    22     24740000     24750000                1
    22     24750000     24760000                1
    22     24760000     24770000                1
    22     24770000     24780000                1
    22     24780000     24790000                1
    22     24790000     24800000                1
    22     24800000     24810000                1
    22     24810000     24820000                1
    22     24820000     24830000                1
    22     24830000     24840000                1
    22     24840000     24850000                1
    22     24850000     24860000                1
    22     24860000     24870000                1
    22     24870000     24880000                1
    22     24890000     24900000                1
    22     24900000     24910000                1
    22     24910000     24920000                1
    22     24920000     24930000                1
    22     24930000     24940000                1
    22     24940000     24950000                1
    22     24950000     24960000                1
    22     24960000     24970000                1
    22     24970000     24980000                1
    22     24980000     24990000                1
    22     25000000     25010000                1
    22     25010000     25020000                1
    22     25020000     25030000                1
    22     25030000     25040000                1
    22     25050000     25060000                1
    22     25060000     25070000                1
    22     25070000     25080000                1
    22     25080000     25090000                1
    22     25090000     25100000                1
    22     25100000     25110000                1
    22     25110000     25120000                1
    22     25120000     25130000                1
    22     25140000     25150000                1
    22     25150000     25160000                1
    22     25160000     25170000                1
    22     25170000     25180000                1
    22     25180000     25190000                1
    22     25190000     25200000                1
    22     25200000     25210000                1
    22     25220000     25230000                1
    22     25230000     25240000                1
    22     25240000     25250000                1
    22     25250000     25260000                1
    22     25270000     25280000                1
    22     25290000     25300000                1
    22     25300000     25310000                1
    22     25330000     25340000                1
    22     25340000     25350000                1
    22     25350000     25360000                1
    22     25360000     25370000                1
    22     25370000     25380000                1
    22     25380000     25390000                1
    22     25390000     25400000                1
    22     25400000     25410000                1
    22     25410000     25420000                1
    22     25420000     25430000                1
    22     25430000     25440000                1
    22     25440000     25450000                1
    22     25460000     25470000                1
    22     25470000     25480000                1
    22     33520000     33530000                1
    22     33530000     33540000                1
    22     33540000     33550000                1
    22     33550000     33560000                1
    22     33560000     33570000                1
    22     33580000     33590000                1
    22     33590000     33600000                1
    22     33600000     33610000                1
    22     33610000     33620000                1
    22     33620000     33630000                1
    22     33630000     33640000                1
    22     33640000     33650000                1
    22     33650000     33660000                1
    22     33660000     33670000                1
    22     33670000     33680000                1
    22     33680000     33690000                1
    22     33700000     33710000                1
    22     33710000     33720000                1
    22     33720000     33730000                1
    22     33730000     33740000                1
    22     33740000     33750000                1
    22     33750000     33760000                1
    22     33760000     33770000                1
    22     33770000     33780000                1
    22     33780000     33790000                1
    22     33790000     33800000                1
    22     33800000     33810000                1
    22     33810000     33820000                1
    22     33820000     33830000                1
    22     33830000     33840000                1
    22     33840000     33850000                1
    22     33850000     33860000                1
    22     33860000     33870000                1
    22     33870000     33880000                1
    22     33880000     33890000                1
    22     33890000     33900000                1
    22     33900000     33910000                1
    22     33910000     33920000                1
    22     33920000     33930000                1
    22     33930000     33940000                1
    22     33940000     33950000                1
    22     33950000     33960000                1
    22     33960000     33970000                1
    22     33970000     33980000                1
    22     33980000     33990000                1
    22     33990000     34000000                1
    22     34000000     34010000                1
    22     34010000     34020000                1
    22     34020000     34030000                1
    22     34030000     34040000                1
    22     34040000     34050000                1
    22     34050000     34060000                1
    22     34060000     34070000                1
    22     34070000     34080000                1
    22     34080000     34090000                1
    22     34090000     34100000                1
    22     34100000     34110000                1
    22     34110000     34120000                1
    22     34120000     34130000                1
    22     34130000     34140000                1
    22     34140000     34150000                1
    22     34150000     34160000                1
    22     34160000     34170000                1
    22     34170000     34180000                1
    22     34180000     34190000                1
    22     34190000     34200000                1
    22     34200000     34210000                1
    22     34210000     34220000                1
    22     34220000     34230000                1
    22     34230000     34240000                1
    22     34240000     34250000                1
    22     34250000     34260000                1
    22     34260000     34270000                1
    22     34270000     34280000                1
    22     34280000     34290000                1
    22     34290000     34300000                1
    22     34300000     34310000                1
    22     34310000     34320000                1
    22     34320000     34330000                1
    22     34330000     34340000                1
    22     34340000     34350000                1
    22     34350000     34360000                1
    22     34360000     34370000                1
    22     34370000     34380000                1
    22     34380000     34390000                1
    22     34390000     34400000                1
    22     34400000     34410000                1
    22     34410000     34420000                1
    22     34420000     34430000                1
    22     34430000     34440000                1
    22     34440000     34450000                1
    22     34450000     34460000                1
    22     34460000     34470000                1
    22     34470000     34480000                1
    22     34490000     34500000                1
    22     34500000     34510000                1
    22     34510000     34520000                1
    22     34520000     34530000                1
    22     34530000     34540000                1
    22     34540000     34550000                1
    22     34550000     34560000                1
    22     34560000     34570000                1
    22     34570000     34580000                1
    22     34580000     34590000                1
    22     34590000     34600000                1
    22     34600000     34610000                1
    22     34610000     34620000                1
    22     34620000     34630000                1
    22     34630000     34640000                1
    22     34640000     34650000                1
    22     34650000     34660000                1
    22     34660000     34670000                1
    22     34670000     34680000                1
    22     34680000     34690000                1
    22     34690000     34700000                1
    22     34700000     34710000                1
    22     34710000     34720000                1
    22     34720000     34730000                1
    22     34730000     34740000                1
    22     34740000     34750000                1
    22     34750000     34760000                1
    22     34760000     34770000                1
    22     34770000     34780000                1
    22     34780000     34790000                1
    22     34790000     34800000                1
    22     34800000     34810000                1
    22     34810000     34820000                1
    22     34820000     34830000                1
    22     34830000     34840000                1
    22     34840000     34850000                1
    22     34850000     34860000                1
    22     34860000     34870000                1
    22     34870000     34880000                1
    22     34880000     34890000                1
    22     34890000     34900000                1
    22     34900000     34910000                1
    22     34910000     34920000                1
    22     34920000     34930000                1
    22     34930000     34940000                1
    22     34940000     34950000                1
    22     34950000     34960000                1
    22     34960000     34970000                1
    22     34970000     34980000                1
    22     34980000     34990000                1
    22     34990000     35000000                1
    22     35000000     35010000                1
    22     35010000     35020000                1
    22     35020000     35030000                1
    22     35030000     35040000                1
    22     35040000     35050000                1
    22     35050000     35060000                1
    22     35060000     35070000                1
    22     35070000     35080000                1
    22     35080000     35090000                1
    22     35090000     35100000                1
    22     35100000     35110000                1
    22     35110000     35120000                1
    22     35120000     35130000                1
    22     35130000     35140000                1
    22     35140000     35150000                1
    22     35150000     35160000                1
    22     35160000     35170000                1
    22     35170000     35180000                1
    22     35180000     35190000                1
    22     35190000     35200000                1
    22     35200000     35210000                1
    22     35210000     35220000                1
    22     35220000     35230000                1
    22     35230000     35240000                1
    22     35240000     35250000                1
    22     35250000     35260000                1
    22     35260000     35270000                1
    22     35270000     35280000                1
    22     35290000     35300000                1
    22     35300000     35310000                1
    22     35310000     35320000                1
    22     35320000     35330000                1
    22     35330000     35340000                1
    22     35340000     35350000                1
    22     35350000     35360000                1
    22     35360000     35370000                1
    22     35370000     35380000                1
    22     35380000     35390000                1
    22     35390000     35400000                1
    22     35400000     35410000                1
    22     35410000     35420000                1
    22     35420000     35430000                1
    22     35430000     35440000                1
    22     35440000     35450000                1
    22     35450000     35460000                1
    22     35460000     35470000                1
    22     35470000     35480000                1
    22     35480000     35490000                1
    22     35490000     35500000                1
    22     35500000     35510000                1
    22     35510000     35520000                1
    22     35520000     35530000                1
    22     35530000     35540000                1
    22     35540000     35550000                1
    22     35550000     35560000                1
    22     35560000     35570000                1
    22     35570000     35580000                1
    22     35580000     35590000                1
    22     35590000     35600000                1
    22     35600000     35610000                1
    22     35610000     35620000                1
    22     35620000     35630000                1
