   Chr                              Community_num
    22     16090000     16100000                2
    22     16280000     16290000                2
    22     16430000     16440000                2
    22     16490000     16500000                2
    22     16510000     16520000                2
    22     16530000     16540000                2
    22     16570000     16580000                2
    22     18710000     18720000                2
    22     21460000     21470000                2
    22     21770000     21780000                2
    22     30230000     30240000                2
    22     44240000     44250000                2
    22     44250000     44260000                2
    22     44260000     44270000                2
    22     44280000     44290000                2
    22     44290000     44300000                2
    22     44300000     44310000                2
    22     44310000     44320000                2
    22     44320000     44330000                2
    22     44350000     44360000                2
    22     44360000     44370000                2
    22     44370000     44380000                2
    22     44380000     44390000                2
    22     44390000     44400000                2
    22     44400000     44410000                2
    22     44410000     44420000                2
    22     44420000     44430000                2
    22     44440000     44450000                2
    22     44450000     44460000                2
    22     44460000     44470000                2
    22     44470000     44480000                2
    22     44480000     44490000                2
    22     44490000     44500000                2
    22     44530000     44540000                2
    22     44540000     44550000                2
    22     44550000     44560000                2
    22     44560000     44570000                2
    22     44580000     44590000                2
    22     44590000     44600000                2
    22     44600000     44610000                2
    22     44610000     44620000                2
    22     44620000     44630000                2
    22     44630000     44640000                2
    22     44640000     44650000                2
    22     44650000     44660000                2
    22     44670000     44680000                2
    22     44680000     44690000                2
    22     44690000     44700000                2
    22     44700000     44710000                2
    22     44710000     44720000                2
    22     44720000     44730000                2
    22     44740000     44750000                2
    22     44750000     44760000                2
    22     44760000     44770000                2
    22     44770000     44780000                2
    22     44780000     44790000                2
    22     44790000     44800000                2
    22     44800000     44810000                2
    22     44810000     44820000                2
    22     44820000     44830000                2
    22     44830000     44840000                2
    22     44840000     44850000                2
    22     44850000     44860000                2
    22     44860000     44870000                2
    22     44870000     44880000                2
    22     44880000     44890000                2
    22     44890000     44900000                2
    22     44910000     44920000                2
    22     44920000     44930000                2
    22     44930000     44940000                2
    22     44940000     44950000                2
    22     44950000     44960000                2
    22     44960000     44970000                2
    22     44970000     44980000                2
    22     44980000     44990000                2
    22     44990000     45000000                2
    22     45000000     45010000                2
    22     45010000     45020000                2
    22     45020000     45030000                2
    22     45030000     45040000                2
    22     45050000     45060000                2
    22     45060000     45070000                2
    22     45070000     45080000                2
    22     45080000     45090000                2
    22     45090000     45100000                2
    22     45100000     45110000                2
    22     45110000     45120000                2
    22     45130000     45140000                2
    22     45150000     45160000                2
    22     45160000     45170000                2
    22     45170000     45180000                2
    22     45180000     45190000                2
    22     45190000     45200000                2
    22     45210000     45220000                2
    22     45220000     45230000                2
    22     45230000     45240000                2
    22     45240000     45250000                2
    22     45250000     45260000                2
    22     45260000     45270000                2
    22     45270000     45280000                2
    22     45290000     45300000                2
    22     45300000     45310000                2
    22     45310000     45320000                2
    22     45330000     45340000                2
    22     45340000     45350000                2
    22     45350000     45360000                2
    22     45360000     45370000                2
    22     45370000     45380000                2
    22     45380000     45390000                2
    22     45390000     45400000                2
    22     45400000     45410000                2
    22     45410000     45420000                2
    22     45420000     45430000                2
    22     45430000     45440000                2
    22     45440000     45450000                2
    22     45450000     45460000                2
    22     45460000     45470000                2
    22     45470000     45480000                2
    22     45480000     45490000                2
    22     45490000     45500000                2
    22     45510000     45520000                2
    22     45520000     45530000                2
    22     45530000     45540000                2
    22     45540000     45550000                2
    22     45560000     45570000                2
    22     45570000     45580000                2
    22     45580000     45590000                2
    22     45590000     45600000                2
    22     45600000     45610000                2
    22     45610000     45620000                2
    22     45620000     45630000                2
    22     45630000     45640000                2
    22     45640000     45650000                2
    22     45650000     45660000                2
    22     45660000     45670000                2
    22     45670000     45680000                2
    22     45690000     45700000                2
    22     45700000     45710000                2
    22     45710000     45720000                2
    22     45720000     45730000                2
    22     45730000     45740000                2
    22     45740000     45750000                2
    22     45750000     45760000                2
    22     45760000     45770000                2
    22     45770000     45780000                2
    22     45780000     45790000                2
    22     45790000     45800000                2
    22     45800000     45810000                2
    22     45810000     45820000                2
    22     45820000     45830000                2
    22     45830000     45840000                2
    22     45840000     45850000                2
    22     45850000     45860000                2
    22     45860000     45870000                2
    22     45870000     45880000                2
    22     45880000     45890000                2
    22     45890000     45900000                2
    22     45900000     45910000                2
    22     45910000     45920000                2
    22     45920000     45930000                2
    22     45930000     45940000                2
    22     45940000     45950000                2
    22     45950000     45960000                2
    22     45970000     45980000                2
    22     45980000     45990000                2
    22     45990000     46000000                2
    22     46000000     46010000                2
    22     46010000     46020000                2
    22     46030000     46040000                2
    22     46040000     46050000                2
    22     46050000     46060000                2
    22     46060000     46070000                2
    22     46070000     46080000                2
    22     46080000     46090000                2
    22     46090000     46100000                2
    22     46100000     46110000                2
    22     46110000     46120000                2
    22     46120000     46130000                2
    22     46130000     46140000                2
    22     46140000     46150000                2
    22     46150000     46160000                2
    22     46160000     46170000                2
    22     46170000     46180000                2
    22     46180000     46190000                2
    22     46190000     46200000                2
    22     46200000     46210000                2
    22     46210000     46220000                2
    22     46220000     46230000                2
    22     46230000     46240000                2
    22     46240000     46250000                2
    22     46250000     46260000                2
    22     46260000     46270000                2
    22     46270000     46280000                2
    22     46280000     46290000                2
    22     46290000     46300000                2
    22     46320000     46330000                2
    22     46370000     46380000                2
    22     46380000     46390000                2
    22     46390000     46400000                2
    22     46400000     46410000                2
    22     46410000     46420000                2
    22     46420000     46430000                2
    22     46430000     46440000                2
    22     46440000     46450000                2
    22     46450000     46460000                2
    22     46460000     46470000                2
    22     46470000     46480000                2
    22     46500000     46510000                2
    22     46510000     46520000                2
    22     46520000     46530000                2
    22     46530000     46540000                2
    22     46540000     46550000                2
    22     46550000     46560000                2
    22     46560000     46570000                2
    22     46570000     46580000                2
    22     46590000     46600000                2
    22     46610000     46620000                2
    22     46620000     46630000                2
    22     46630000     46640000                2
    22     46640000     46650000                2
    22     46650000     46660000                2
    22     46660000     46670000                2
    22     46670000     46680000                2
    22     46680000     46690000                2
    22     46690000     46700000                2
    22     46700000     46710000                2
    22     46710000     46720000                2
    22     46720000     46730000                2
    22     46730000     46740000                2
    22     46740000     46750000                2
    22     46790000     46800000                2
    22     46800000     46810000                2
    22     46810000     46820000                2
    22     46820000     46830000                2
    22     46830000     46840000                2
    22     46840000     46850000                2
    22     46850000     46860000                2
    22     46860000     46870000                2
    22     46870000     46880000                2
    22     46880000     46890000                2
    22     46890000     46900000                2
    22     46900000     46910000                2
    22     46920000     46930000                2
    22     46940000     46950000                2
    22     46950000     46960000                2
    22     46960000     46970000                2
    22     46970000     46980000                2
    22     46980000     46990000                2
    22     46990000     47000000                2
    22     47000000     47010000                2
    22     47010000     47020000                2
    22     47020000     47030000                2
    22     47030000     47040000                2
    22     47040000     47050000                2
    22     47050000     47060000                2
    22     47060000     47070000                2
    22     47080000     47090000                2
    22     47090000     47100000                2
    22     47110000     47120000                2
    22     47150000     47160000                2
    22     47170000     47180000                2
    22     47180000     47190000                2
    22     47190000     47200000                2
    22     47200000     47210000                2
    22     47210000     47220000                2
    22     47220000     47230000                2
    22     47230000     47240000                2
    22     47240000     47250000                2
    22     47250000     47260000                2
    22     47260000     47270000                2
    22     47270000     47280000                2
    22     47280000     47290000                2
    22     47290000     47300000                2
    22     47300000     47310000                2
    22     47310000     47320000                2
    22     47320000     47330000                2
    22     47330000     47340000                2
    22     47340000     47350000                2
    22     47350000     47360000                2
    22     47360000     47370000                2
    22     47370000     47380000                2
    22     47380000     47390000                2
    22     47390000     47400000                2
    22     47400000     47410000                2
    22     47410000     47420000                2
    22     47420000     47430000                2
    22     47430000     47440000                2
    22     47440000     47450000                2
    22     47450000     47460000                2
    22     47460000     47470000                2
    22     47470000     47480000                2
    22     47480000     47490000                2
    22     47490000     47500000                2
    22     47500000     47510000                2
    22     47510000     47520000                2
    22     47520000     47530000                2
    22     47540000     47550000                2
    22     47580000     47590000                2
    22     47590000     47600000                2
    22     47600000     47610000                2
    22     47610000     47620000                2
    22     47620000     47630000                2
    22     47630000     47640000                2
    22     47640000     47650000                2
    22     47650000     47660000                2
    22     47660000     47670000                2
    22     47670000     47680000                2
    22     47680000     47690000                2
    22     47690000     47700000                2
    22     47700000     47710000                2
    22     47710000     47720000                2
    22     47730000     47740000                2
    22     47740000     47750000                2
    22     47750000     47760000                2
    22     47760000     47770000                2
    22     47770000     47780000                2
    22     47800000     47810000                2
    22     47810000     47820000                2
    22     47820000     47830000                2
    22     47830000     47840000                2
    22     47840000     47850000                2
    22     47860000     47870000                2
    22     47870000     47880000                2
    22     47880000     47890000                2
    22     47890000     47900000                2
    22     47900000     47910000                2
    22     47910000     47920000                2
    22     47920000     47930000                2
    22     47930000     47940000                2
    22     47940000     47950000                2
    22     47950000     47960000                2
    22     47960000     47970000                2
    22     47970000     47980000                2
    22     47980000     47990000                2
    22     47990000     48000000                2
    22     48000000     48010000                2
    22     48010000     48020000                2
    22     48020000     48030000                2
    22     48030000     48040000                2
    22     48040000     48050000                2
    22     48050000     48060000                2
    22     48060000     48070000                2
    22     48070000     48080000                2
    22     48080000     48090000                2
    22     48090000     48100000                2
    22     48100000     48110000                2
    22     48110000     48120000                2
    22     48120000     48130000                2
    22     48130000     48140000                2
    22     48160000     48170000                2
    22     48170000     48180000                2
    22     48180000     48190000                2
    22     48190000     48200000                2
    22     48200000     48210000                2
    22     48210000     48220000                2
    22     48220000     48230000                2
    22     48230000     48240000                2
    22     48240000     48250000                2
    22     48250000     48260000                2
    22     48260000     48270000                2
    22     48270000     48280000                2
    22     48280000     48290000                2
    22     48290000     48300000                2
    22     48300000     48310000                2
    22     48310000     48320000                2
    22     48320000     48330000                2
    22     48330000     48340000                2
    22     48340000     48350000                2
    22     48350000     48360000                2
    22     48370000     48380000                2
    22     48380000     48390000                2
    22     48390000     48400000                2
    22     48400000     48410000                2
    22     48410000     48420000                2
    22     48420000     48430000                2
    22     48430000     48440000                2
    22     48440000     48450000                2
    22     48450000     48460000                2
    22     48460000     48470000                2
    22     48470000     48480000                2
    22     48480000     48490000                2
    22     48490000     48500000                2
    22     48500000     48510000                2
    22     48510000     48520000                2
    22     48520000     48530000                2
    22     48530000     48540000                2
    22     48540000     48550000                2
    22     48550000     48560000                2
    22     48560000     48570000                2
    22     48570000     48580000                2
    22     48580000     48590000                2
    22     48590000     48600000                2
    22     48600000     48610000                2
    22     48620000     48630000                2
    22     48630000     48640000                2
    22     48640000     48650000                2
    22     48650000     48660000                2
    22     48670000     48680000                2
    22     48680000     48690000                2
    22     48690000     48700000                2
    22     48700000     48710000                2
    22     48720000     48730000                2
    22     48730000     48740000                2
    22     48740000     48750000                2
    22     48750000     48760000                2
    22     48760000     48770000                2
    22     48770000     48780000                2
    22     48790000     48800000                2
    22     48800000     48810000                2
    22     48810000     48820000                2
    22     48830000     48840000                2
    22     48840000     48850000                2
    22     48850000     48860000                2
    22     48860000     48870000                2
    22     48870000     48880000                2
    22     48880000     48890000                2
    22     48890000     48900000                2
    22     48900000     48910000                2
    22     48920000     48930000                2
    22     48940000     48950000                2
    22     48950000     48960000                2
    22     48960000     48970000                2
    22     48970000     48980000                2
    22     48980000     48990000                2
    22     48990000     49000000                2
    22     49000000     49010000                2
    22     49030000     49040000                2
    22     49040000     49050000                2
    22     49050000     49060000                2
    22     49060000     49070000                2
    22     49070000     49080000                2
    22     49080000     49090000                2
    22     49090000     49100000                2
    22     49100000     49110000                2
    22     49110000     49120000                2
    22     49120000     49130000                2
    22     49130000     49140000                2
    22     49150000     49160000                2
    22     49160000     49170000                2
    22     49170000     49180000                2
    22     49180000     49190000                2
    22     49200000     49210000                2
    22     49210000     49220000                2
    22     49220000     49230000                2
    22     49230000     49240000                2
    22     49240000     49250000                2
    22     49250000     49260000                2
    22     49260000     49270000                2
    22     49270000     49280000                2
    22     49280000     49290000                2
    22     49290000     49300000                2
    22     49300000     49310000                2
    22     49310000     49320000                2
    22     49320000     49330000                2
    22     49330000     49340000                2
    22     49340000     49350000                2
    22     49350000     49360000                2
    22     49360000     49370000                2
    22     49370000     49380000                2
    22     49380000     49390000                2
    22     49390000     49400000                2
    22     49400000     49410000                2
    22     49420000     49430000                2
    22     49440000     49450000                2
    22     49450000     49460000                2
    22     49460000     49470000                2
    22     49470000     49480000                2
    22     49480000     49490000                2
    22     49500000     49510000                2
    22     49510000     49520000                2
    22     49520000     49530000                2
    22     49530000     49540000                2
    22     49540000     49550000                2
    22     49550000     49560000                2
    22     49560000     49570000                2
    22     49570000     49580000                2
    22     49580000     49590000                2
    22     49590000     49600000                2
    22     49610000     49620000                2
    22     49620000     49630000                2
    22     49630000     49640000                2
    22     49640000     49650000                2
    22     49650000     49660000                2
    22     49660000     49670000                2
    22     49670000     49680000                2
    22     49680000     49690000                2
    22     49690000     49700000                2
    22     49700000     49710000                2
    22     49710000     49720000                2
    22     49720000     49730000                2
    22     49730000     49740000                2
    22     49740000     49750000                2
    22     49750000     49760000                2
    22     49760000     49770000                2
    22     49770000     49780000                2
    22     49780000     49790000                2
    22     49790000     49800000                2
    22     49810000     49820000                2
    22     49820000     49830000                2
    22     49830000     49840000                2
    22     49840000     49850000                2
    22     49850000     49860000                2
    22     49860000     49870000                2
    22     49870000     49880000                2
    22     49880000     49890000                2
    22     49890000     49900000                2
    22     49900000     49910000                2
    22     49910000     49920000                2
    22     49920000     49930000                2
    22     49930000     49940000                2
    22     49940000     49950000                2
    22     49950000     49960000                2
    22     49960000     49970000                2
    22     49980000     49990000                2
    22     49990000     50000000                2
    22     50000000     50010000                2
    22     50020000     50030000                2
    22     50030000     50040000                2
    22     50040000     50050000                2
    22     50050000     50060000                2
    22     50060000     50070000                2
    22     50070000     50080000                2
    22     50080000     50090000                2
    22     50090000     50100000                2
    22     50120000     50130000                2
